0      0
0.01      0.199755
0.02      0.39853
0.03      0.596325
0.04      0.79314
0.05      0.988975
0.06      1.18383
0.07      1.37771
0.08      1.5706
0.09      1.76252
0.1      1.95345
0.11      2.14341
0.12      2.33238
0.13      2.52038
0.14      2.70739
0.15      2.89343
0.16      3.07848
0.17      3.26256
0.18      3.44565
0.19      3.62777
0.2      3.8089
0.21      3.98906
0.22      4.16823
0.23      4.34643
0.24      4.52364
0.25      4.69988
0.26      4.87513
0.27      5.04941
0.28      5.2227
0.29      5.39502
0.3      5.56635
0.31      5.73671
0.32      5.90608
0.33      6.07448
0.34      6.24189
0.35      6.40833
0.36      6.57378
0.37      6.73826
0.38      6.90175
0.39      7.06427
0.4      7.2258
0.41      7.38636
0.42      7.54593
0.43      7.70453
0.44      7.86214
0.45      8.01878
0.46      8.17443
0.47      8.32911
0.48      8.4828
0.49      8.63552
0.5      8.78725
0.51      8.93801
0.52      9.08778
0.53      9.23658
0.54      9.38439
0.55      9.53123
0.56      9.67708
0.57      9.82196
0.58      9.96585
0.59      10.1088
0.6      10.2507
0.61      10.3917
0.62      10.5316
0.63      10.6706
0.64      10.8086
0.65      10.9457
0.66      11.0817
0.67      11.2168
0.68      11.3509
0.69      11.484
0.7      11.6162
0.71      11.7473
0.72      11.8775
0.73      12.0067
0.74      12.1349
0.75      12.2621
0.76      12.3884
0.77      12.5137
0.78      12.638
0.79      12.7613
0.8      12.8836
0.81      13.005
0.82      13.1253
0.83      13.2447
0.84      13.3631
0.85      13.4806
0.86      13.597
0.87      13.7125
0.88      13.827
0.89      13.9405
0.9      14.0531
0.91      14.1646
0.92      14.2752
0.93      14.3848
0.94      14.4934
0.95      14.601
0.96      14.7077
0.97      14.8134
0.98      14.9181
0.99      15.0218
1      15.1245
1.01      15.2263
1.02      15.327
1.03      15.4268
1.04      15.5256
1.05      15.6235
1.06      15.7203
1.07      15.8162
1.08      15.9111
1.09      16.005
1.1      16.098
1.11      16.1899
1.12      16.2809
1.13      16.3709
1.14      16.4599
1.15      16.5479
1.16      16.635
1.17      16.7211
1.18      16.8062
1.19      16.8903
1.2      16.9734
1.21      17.0556
1.22      17.1367
1.23      17.2169
1.24      17.2961
1.25      17.3744
1.26      17.4516
1.27      17.5279
1.28      17.6032
1.29      17.6775
1.3      17.7509
1.31      17.8232
1.32      17.8946
1.33      17.965
1.34      18.0344
1.35      18.1028
1.36      18.1703
1.37      18.2368
1.38      18.3023
1.39      18.3668
1.4      18.4303
1.41      18.4929
1.42      18.5544
1.43      18.615
1.44      18.6746
1.45      18.7333
1.46      18.7909
1.47      18.8476
1.48      18.9033
1.49      18.958
1.5      19.0118
1.51      19.0645
1.52      19.1163
1.53      19.1671
1.54      19.2169
1.55      19.2657
1.56      19.3136
1.57      19.3605
1.58      19.4064
1.59      19.4513
1.6      19.4952
1.61      19.5382
1.62      19.5801
1.63      19.6211
1.64      19.6611
1.65      19.7002
1.66      19.7382
1.67      19.7753
1.68      19.8114
1.69      19.8465
1.7      19.8807
1.71      19.9138
1.72      19.946
1.73      19.9772
1.74      20.0074
1.75      20.0366
1.76      20.0649
1.77      20.0922
1.78      20.1185
1.79      20.1438
1.8      20.1681
1.81      20.1915
1.82      20.2138
1.83      20.2352
1.84      20.2556
1.85      20.2751
1.86      20.2935
1.87      20.311
1.88      20.3275
1.89      20.343
1.9      20.3576
1.91      20.3711
1.92      20.3837
1.93      20.3953
1.94      20.4059
1.95      20.4155
1.96      20.4242
1.97      20.4319
1.98      20.4386
1.99      20.4443
2      20.449
2.01      20.4528
2.02      20.4555
2.03      20.4573
2.04      20.4581
2.05      20.458
2.06      20.4568
2.07      20.4547
2.08      20.4516
2.09      20.4475
2.1      20.4425
2.11      20.4364
2.12      20.4294
2.13      20.4214
2.14      20.4124
2.15      20.4024
2.16      20.3915
2.17      20.3796
2.18      20.3667
2.19      20.3528
2.2      20.3379
2.21      20.3221
2.22      20.3052
2.23      20.2874
2.24      20.2686
2.25      20.2489
2.26      20.2281
2.27      20.2064
2.28      20.1837
2.29      20.16
2.3      20.1354
2.31      20.1097
2.32      20.0831
2.33      20.0555
2.34      20.0269
2.35      19.9973
2.36      19.9668
2.37      19.9353
2.38      19.9028
2.39      19.8693
2.4      19.8348
2.41      19.7994
2.42      19.7629
2.43      19.7255
2.44      19.6871
2.45      19.6478
2.46      19.6074
2.47      19.5661
2.48      19.5238
2.49      19.4805
2.5      19.4363
2.51      19.391
2.52      19.3448
2.53      19.2976
2.54      19.2494
2.55      19.2002
2.56      19.1501
2.57      19.099
2.58      19.0469
2.59      18.9938
2.6      18.9397
2.61      18.8847
2.62      18.8286
2.63      18.7716
2.64      18.7136
2.65      18.6547
2.66      18.5947
2.67      18.5338
2.68      18.4719
2.69      18.409
2.7      18.3452
2.71      18.2803
2.72      18.2145
2.73      18.1477
2.74      18.0799
2.75      18.0111
2.76      17.9414
2.77      17.8707
2.78      17.799
2.79      17.7263
2.8      17.6526
2.81      17.578
2.82      17.5023
2.83      17.4257
2.84      17.3481
2.85      17.2696
2.86      17.19
2.87      17.1095
2.88      17.028
2.89      16.9455
2.9      16.8621
2.91      16.7776
2.92      16.6922
2.93      16.6058
2.94      16.5184
2.95      16.43
2.96      16.3407
2.97      16.2504
2.98      16.1591
2.99      16.0668
3      15.9735
3.01      15.8793
3.02      15.784
3.03      15.6878
3.04      15.5906
3.05      15.4925
3.06      15.3933
3.07      15.2932
3.08      15.1921
3.09      15.09
3.1      14.987
3.11      14.8829
3.12      14.7779
3.13      14.6719
3.14      14.5649
3.15      14.4569
3.16      14.348
3.17      14.2381
3.18      14.1272
3.19      14.0153
3.2      13.9024
3.21      13.7886
3.22      13.6737
3.23      13.5579
3.24      13.4411
3.25      13.3234
3.26      13.2046
3.27      13.0849
3.28      12.9642
3.29      12.8425
3.3      12.7199
3.31      12.5962
3.32      12.4716
3.33      12.346
3.34      12.2194
3.35      12.0918
3.36      11.9633
3.37      11.8338
3.38      11.7033
3.39      11.5718
3.4      11.4393
3.41      11.3059
3.42      11.1714
3.43      11.036
3.44      10.8996
3.45      10.7623
3.46      10.6239
3.47      10.4846
3.48      10.3443
3.49      10.203
3.5      10.0608
3.51      9.91751
3.52      9.77328
3.53      9.62808
3.54      9.48189
3.55      9.33473
3.56      9.18658
3.57      9.03746
3.58      8.88735
3.59      8.73627
3.6      8.5842
3.61      8.43116
3.62      8.27713
3.63      8.12213
3.64      7.96614
3.65      7.80918
3.66      7.65123
3.67      7.49231
3.68      7.3324
3.69      7.17152
3.7      7.00965
3.71      6.84681
3.72      6.68298
3.73      6.51818
3.74      6.35239
3.75      6.18563
3.76      6.01788
3.77      5.84916
3.78      5.67945
3.79      5.50877
3.8      5.3371
3.81      5.16446
3.82      4.99083
3.83      4.81623
3.84      4.64064
3.85      4.46408
3.86      4.28653
3.87      4.10801
3.88      3.9285
3.89      3.74802
3.9      3.56655
3.91      3.38411
3.92      3.20068
3.93      3.01628
3.94      2.83089
3.95      2.64453
3.96      2.45718
3.97      2.26886
3.98      2.07955
3.99      1.88927
4      1.698
4.01      1.50576
4.02      1.31253
4.03      1.11833
4.04      0.92314
4.05      0.726975
4.06      0.52983
4.07      0.331705
4.08      0.1326
